144.66
171.76
117.84
114.12
137.29
148.61
115.64
124.17
145.81
146.48
123.84
119.07
130.85
158.68
129.08
134.99
138.76
141.27
129.53
196.11
151.28
152.33
117.93
151.77
141.42
112.89
142.33
180.03
165.34
149.56
129.39
131.24
199.56
106.83
186.36
126.71
140.97
197.04
107.29
172.21
122.97
190.16
196.80
193.81
165.29
132.04
190.26
154.33
167.46
119.93
193.10
162.77
175.92
157.02
184.25
146.37
103.89
153.89
128.20
114.72
159.12
144.30
119.11
109.40
140.04
134.99
136.14
198.47
193.23
114.70
124.02
145.23
186.50
106.53
125.31
153.24
140.93
159.42
181.56
165.43
182.45
139.35
189.49
174.21
118.92
199.33
145.14
181.58
122.52
177.91
134.15
133.61
198.35
100.73
129.62
141.75
150.56
136.78
140.05
195.36
114.73
191.70
109.79
163.98
111.50
104.21
111.56
186.14
190.69
148.33
186.61
141.90
177.15
134.46
181.94
110.70
100.19
144.80
105.79
122.96
187.13
135.49
172.81
124.36
127.60
186.54
138.70
184.74
170.82
183.58
130.06
100.65
100.24
170.58
160.16
159.53
141.41
121.74
183.51
156.82
197.97
142.32
183.06
182.83
177.98
123.30
102.65
125.30
168.09
142.67
134.40
165.91
136.78
127.45
145.51
183.80
199.39
164.87
182.69
118.04
157.56
178.39
123.17
182.16
133.57
165.12
151.34
168.59
156.07
124.63
127.04
128.64
117.84
196.04
177.87
164.51
118.71
160.23
191.16
123.69
126.85
157.21
103.69
143.58
140.37
114.44
186.93
153.96
107.89
181.91
104.24
108.74
171.38
121.50
172.32
184.59
127.50
104.18
194.18
153.98
164.79
127.26
143.03
112.55
123.23
175.34
167.55
117.09
139.75
114.17
157.73
168.90
189.02
124.10
157.40
159.79
102.15
151.33
134.71
183.08
147.61
179.49
125.03
100.45
188.57
101.24
142.18
146.78
188.70
100.60
113.20
150.00
124.44
139.88
129.53
140.59
176.15
182.41
123.41
126.22
112.45
171.80
171.70
111.14
152.91
131.77
101.80
146.95
192.34
146.76
124.08
111.68
197.08
132.66
143.56
127.53
137.92
109.71
110.11
143.99
107.73
144.98
150.53
132.90
182.48
140.61
188.88
164.51
123.84
105.85
101.82
159.72
188.49
165.79
174.89
142.56
105.04
127.73
122.18
148.95
102.68
147.54
107.50
183.57
127.56
112.33
157.90
154.17
162.53
183.47
192.00
155.19
173.93
124.57
195.00
116.20
145.05
172.35
159.81
179.20
119.98
195.75
179.48
119.25
174.09
128.04
119.99
177.03
147.57
149.94
124.37
129.10
126.98
148.19
199.30
181.89
136.70
172.81
113.42
138.65
106.60
169.30
193.16
155.38
115.39
167.12
136.08
171.19
170.02
164.82
174.63
171.32
170.88
163.83
113.63
116.93
129.43
167.87
133.90
154.95
150.74
183.13
101.24
103.00
166.69
125.35
145.27
190.17
107.27
164.48
175.56
122.39
127.33
114.89
184.17
132.80
163.86
109.70
142.89
172.28
185.08
181.49
141.29
192.76
106.68
108.48
127.35
177.07
192.88
175.29
106.13
173.03
130.32
140.19
124.18
196.47
161.49
197.31
117.31
178.33
190.83
171.31
127.60
144.19
131.65
184.58
101.83
131.30
144.75
192.58
168.23
167.44
130.79
191.55
150.56
159.22
177.54
164.93
119.78
162.75
130.39
149.16
102.19
139.05
150.05
168.46
159.64
128.48
144.84
108.43
133.08
113.72
116.42
173.52
193.36
179.38
138.06
100.10
174.97
117.56
191.99
178.04
177.59
173.59
128.65
166.94
108.12
173.74
174.81
180.28
101.41
127.54
109.74
150.48
101.96
151.68
149.09
181.14
110.63
119.02
124.54
138.68
100.59
197.19
124.25
135.14
185.02
103.93
163.47
106.24
175.33
173.41
188.04
194.25
103.10
197.04
174.14
104.23
191.73
175.22
177.23
113.64
154.28
192.15
199.92
180.55
163.06
105.22
194.42
113.58
183.19
122.05
188.31
138.01
187.86
124.09
124.41
116.63
175.85
183.68
135.01
161.63
193.51
113.11
128.81
104.12
122.60
178.87
154.86
171.67
133.32
111.95
122.16
161.21
117.30
146.06
195.40
184.23
109.23
119.45
158.33
104.69
177.92
183.37
134.34
185.95
117.52
170.30
180.55
112.47
197.94
188.43
126.83
154.44
139.76
125.62
113.58
199.10
163.58
165.34
193.51
181.14
126.15
140.19
101.70
106.40
196.45
174.21
165.44
178.17
143.72
194.35
120.86
103.22
106.49
123.58
126.88
175.97
186.49
103.30
118.55
113.73
164.98
131.16
121.91
143.08
169.92
141.89
159.97
118.10
132.25
103.33
116.01
185.09
156.92
147.64
183.96
194.87
100.05
108.64
128.47
104.01
187.68
189.92
197.21
199.15
133.13
145.92
176.78
125.01
110.53
118.17
160.26
195.74
119.99
132.16
198.90
121.97
136.26
127.18
143.88
191.28
167.50
160.72
144.54
198.57
162.90
102.04
159.18
134.71
199.04
105.18
151.33
106.60
143.49
130.96
190.17
180.04
141.13
169.28
147.09
107.95
193.96
198.67
182.14
130.59
108.12
108.20
143.95
112.20
163.41
198.28
164.40
108.90
119.90
171.82
115.63
146.17
114.07
124.63
110.97
121.48
112.20
145.08
173.64
137.24
183.20
136.86
167.64
112.36
124.36
185.99
183.57
117.08
124.20
103.21
198.98
124.81
174.35
186.67
187.47
177.34
149.16
165.86
133.79
115.22
155.74
107.78
123.21
133.97
120.23
188.78
112.48
188.30
116.41
161.67
157.08
181.89
161.87
176.38
164.98
147.83
103.77
144.83
170.34
146.55
191.46
175.94
172.60
181.94
186.28
144.77
165.99
164.06
190.43
101.71
192.40
127.29
186.00
171.96
186.69
146.56
163.16
143.43
147.60
181.01
181.91
192.05
159.74
114.41
155.95
147.41
112.50
154.79
168.88
158.90
110.35
101.86
133.36
182.77
145.50
190.11
181.87
173.66
108.98
167.94
134.07
131.04
148.62
178.83
120.37
120.40
143.99
169.00
153.71
161.70
157.14
158.20
132.57
153.72
135.41
174.76
126.69
181.80
187.91
174.55
144.29
138.52
131.02
134.36
104.53
172.39
199.61
134.65
142.18
167.59
150.64
124.14
152.80
149.78
143.80
189.05
146.24
107.21
169.65
133.76
113.96
114.38
110.05
116.34
131.11
146.26
157.91
172.23
108.48
175.12
193.71
102.71
181.20
149.16
114.79
100.65
171.28
162.32
139.92
135.71
189.17
138.12
166.72
123.15
146.03
166.84
142.24
156.53
132.73
154.94
117.89
192.73
184.34
168.47
199.56
139.88
189.38
177.96
170.39
113.69
122.24
141.45
159.70
195.53
173.89
194.34
154.66
147.15
131.18
149.94
103.22
110.81
108.39
153.22
136.38
151.49
165.80
171.40
146.07
178.07
159.68
150.05
190.66
114.18
155.75
110.75
164.43
176.35
103.60
117.53
159.68
156.75
113.83
193.17
170.35
101.28
101.25
123.55
134.78
119.47
157.75
148.55
191.77
162.48
196.80
101.48
128.94
157.45
167.61
125.23
135.25
192.48
171.64
163.28
130.69
104.73
126.69
196.26
135.09
136.42
114.62
170.71
155.57
188.06
117.39
145.73
117.31
116.57
193.24
165.13
136.02
196.98
170.01
148.34
132.00
190.84
135.46
181.23
115.73
141.81
186.34
179.93
132.45
149.49
156.88
195.09
139.60
156.32
185.40
121.89
104.87
119.05
193.18
181.97
155.15
126.47
143.71
147.44
176.81
167.70
122.47
184.24
166.50
152.19
127.20
102.50
158.17
131.21
187.34
114.71
106.92
173.57
137.07
119.21
193.06
103.59
151.42
146.02
120.95
118.18
116.99
124.88
126.18
161.56
150.15
161.14
172.11
151.27
193.68
134.27
112.10
117.03
120.60
165.70
117.21
135.31
148.33
138.21
121.12
116.68
120.03
187.27
113.31
130.64
141.04
126.24
120.08
132.84
168.00
112.17
148.29
193.84
135.57
106.35
131.68
114.73
171.80
135.08
111.07
155.45
196.58
109.63
100.90
194.31
119.95
121.96
142.55
183.65
156.86
192.70
121.91
165.74
153.53
111.46
133.18
165.59
176.46
175.87
104.06
182.75
150.10
105.55
158.24
163.04
141.33
179.89
180.50
142.90
180.03
124.36
166.89
123.87
173.52
149.14
187.86
153.02
119.92
125.95
165.88
156.14
150.30
174.25
170.52
194.86
132.97
116.25
164.04
196.40
154.41
151.94
188.09
135.12
150.94
199.53
